7484 2
7485 4
7486 4
7487 4
7488 2
7489 2
7490 7
7491 7
7492 2
7493 2
7494 4
7495 2
7496 2
7497 2
7498 2
7499 2
7500 7
7501 2
7502 2
7503 4
7504 4
7505 2
7506 2
7459 2
7460 4
7461 4
7462 4
7463 2
7464 2
7465 7
7466 7
7467 7
7468 2
7469 2
7470 4
7471 2
7472 2
7473 2
7474 2
7475 2
7476 2
7477 7
7478 2
7479 2
7480 4
7481 4
7482 2
7483 2
7507 0
7508 2
7509 4
7510 2
7511 7
7512 2
7513 7
7514 7
7515 2
7516 2
7517 4
7518 2
7519 2
7520 2
7521 2
7522 2
7523 2
7524 2
7525 4
7526 7
7527 2
7528 4
7529 2
7530 2
7531 2
7532 4
7533 4
7534 2
7535 2
7536 7
7537 7
7538 7
7539 2
7540 2
7541 4
7542 2
7543 2
7544 2
7545 2
7546 2
7547 7
7548 2
7549 2
7550 4
7551 7
7552 2
7553 4
7554 2
7555 2
7556 4
7557 2
7558 2
7559 7
7560 7
7561 7
7562 2
7563 2
7564 4
7565 2
7566 2
7567 2
7568 2
7569 2
7570 2
7571 4
7572 7
7573 2
7574 4
7575 2
7576 2
7577 2
7578 2
7579 2
7580 7
7581 2
7582 7
7583 7
7584 2
7585 2
7586 4
7587 2
7588 2
7589 2
7590 2
7591 2
7592 7
7593 2
7594 2
7595 4
7596 7
7597 4
7598 2
7599 2
7600 2
7601 2
7602 2
7603 7
7604 7
7605 7
7606 2
7607 2
7608 4
7609 2
7610 2
7611 2
7612 2
7613 2
7614 2
7615 2
7616 4
7617 7
7618 2
7619 4
7620 2
7621 2
7622 2
7623 4
7624 2
7625 2
7626 7
7627 2
7628 7
7629 2
7630 2
7631 4
7632 2
7633 2
7634 2
7635 2
7636 2
7637 7
7638 2
7639 2
7640 4
7641 7
7642 2
7643 2
7644 2
7645 2
7646 2
7647 7
7648 2
7649 7
7650 2
7651 2
7652 4
7653 2
7654 2
7655 2
7656 2
7657 2
7658 7
7659 2
7660 2
7661 4
7662 7
7663 2
7664 2
7665 2
7666 2
7667 2
7668 7
7669 2
7670 7
7671 2
7672 2
7673 4
7674 2
7675 2
7676 2
7677 2
7678 2
7679 7
7680 2
7681 2
7682 4
7683 7
7684 2
7685 2
7686 2
7687 4
7688 2
7689 7
7690 7
7691 2
7692 2
7693 4
7694 2
7695 2
7696 2
7697 2
7698 2
7699 7
7700 2
7701 2
7702 4
7703 7
7704 2
7705 2
7706 7
7707 2
7708 2
7709 4
7710 2
7711 2
7712 2
7713 0
7714 2
7715 7
7716 2
7717 2
7718 4
7719 7
7720 2
7721 2
7722 7
7723 2
7724 7
7725 2
7726 2
7727 4
7728 2
7729 2
7730 2
7731 2
7732 2
7733 7
7734 2
7735 2
7736 4
7737 7
7738 2
7739 2
7740 3
7741 4
